1599477 1599484
562222 562219
675563 675565
762814 762804
563632 563640
389557 389554
105257 105253
451777 451790
628770 628777
385688 385692
524137 524129
458210 458221
531212 531219
405765 405773
472085 472081
287373 287362
525303 525309
503334 503319
694454 694475
455045 455043
515740 515745
476734 476722
101748 101742
529875 529868
96888 96876
129884 129888
135113 135105
53320 53317
271048 271049
495042 495042
512471 512488
740043 740070
512157 512148
730599 730575
484950 484941
525156 525190
681687 681679
143079 143070
274963 274957
707502 707515
779342 779332
580328 580326
322126 322119
342615 342616
620254 620276
450150 450166
262648 262645
279295 279293
238291 238285
422346 422347
425135 425148
88135 88142
450016 450014
346566 346570
500419 500419
438233 438241
439527 439535
343234 343217
714255 714249
385289 385304
526506 526511
709252 709255
652359 652350
199469 199463
719675 719683
754227 754226
964940 964951
311138 311131
421809 421826
273507 273504
512259 512246
664081 664103
943078 943089
882785 882800
606372 606377
271323 271331
133208 133211
200476 200463
111180 111177
280091 280083
827879 827878
94096 94087
71600 71595
182939 182936
124251 124244
265240 265224
41256 41253
128267 128255
189819 189805
52102 52089
111697 111698
336838 336841
304692 304694
140146 140139
784641 784639
854004 854008
625349 625338
688433 688447
278532 278547
516204 516196
696317 696320
334890 334895
449571 449557
367193 367176
754096 754067
475165 475170
243789 243788
174602 174596
414866 414873
434061 434072
615292 615289
545329 545351
115402 115399
84660 84647
284767 284764
548522 548534
326501 326487
590253 590252
296301 296311
712373 712384
214988 214997
317216 317211
80171 80175
360817 360816
579858 579850
227821 227818
590028 590020
455681 455694
365211 365210
191268 191268
516857 516854
606020 606023
45636 45637
604276 604254
322133 322138
215205 215204
