1599477 1599491
562222 562216
675563 675555
762814 762824
563632 563642
389557 389547
105257 105250
451777 451781
628770 628776
385688 385686
524137 524138
458210 458213
531212 531212
405765 405771
472085 472080
287373 287373
525303 525310
503334 503336
694454 694470
455045 455038
515740 515738
476734 476730
101748 101741
529875 529871
96888 96876
129884 129881
135113 135105
53320 53316
271048 271049
495042 495043
512471 512488
740043 740054
512157 512157
730599 730596
484950 484947
525156 525178
681687 681686
143079 143066
274963 274962
707502 707513
779342 779348
580328 580323
322126 322123
342615 342613
620254 620277
450150 450155
262648 262654
279295 279300
238291 238280
422346 422348
425135 425150
88135 88130
450016 450016
346566 346561
500419 500421
438233 438245
439527 439521
343234 343219
714255 714255
385289 385295
526506 526512
709252 709263
652359 652352
199469 199456
719675 719681
754227 754237
964940 964951
311138 311128
421809 421816
273507 273506
512259 512254
664081 664089
943078 943089
882785 882802
606372 606374
271323 271318
133208 133205
200476 200469
111180 111173
280091 280087
827879 827879
94096 94088
71600 71588
182939 182933
124251 124233
265240 265233
41256 41257
128267 128259
189819 189807
52102 52092
111697 111696
336838 336843
304692 304687
140146 140141
784641 784647
854004 854001
625349 625347
688433 688452
278532 278539
516204 516207
696317 696312
334890 334889
449571 449560
367193 367189
754096 754089
475165 475165
243789 243789
174602 174600
414866 414867
434061 434061
615292 615298
545329 545332
115402 115398
84660 84649
284767 284765
548522 548519
326501 326498
590253 590252
296301 296307
712373 712381
214988 214992
317216 317208
80171 80174
360817 360814
579858 579862
227821 227819
590028 590029
455681 455689
365211 365211
191268 191270
516857 516851
606020 606015
45636 45630
604276 604267
322133 322139
215205 215213
